              precision    recall  f1-score   support

           0       0.96      0.96      0.96       216
           1       0.92      0.91      0.91       880
           2       0.96      0.96      0.96       884
           3       0.99      0.94      0.97       375
           4       0.94      0.94      0.94       251
           5       0.89      0.95      0.92       131
           6       0.95      0.98      0.97       132
           7       0.78      0.90      0.84       103
           8       0.95      0.97      0.96       107
           9       0.96      0.90      0.93       133
           +       0.99      0.97      0.98       876
           -       1.00      0.99      0.99      1186
           )       0.95      0.95      0.95       500
           (       0.90      0.96      0.93       488
           x       0.99      0.96      0.97       116
           /       0.81      0.59      0.68        22

    accuracy                           0.96      6400
   macro avg       0.93      0.93      0.93      6400
weighted avg       0.96      0.96      0.96      6400